function [FS,sigma_FS] = FS_model(c_gh,tanPhi,tanBeta,D,ru,kh)

% Created by Mao-Xin Wang (dr.maoxin.wang@gmail.com or wangmx@whu.edu.cn)
% December 2023
%
%%%%%%%%%%%%%%%%%%%%%%%%%%%%%%%%%%%%%%%%%%%%%%%%%%%%%%%%%%%%%%%%%%%%%%%%%%%
% INPUT
%
%   c_gh         = c/gama/H (scalar or matrix)
%                 (where c is soil cohesion, kPa; gama is soil unit weight, kN/m3;
%                  H is slope height, m)
%   tanPhi       = tangent of soil friction angle (scalar or matrix)
%   tanBeta      = tangent of slope angle (scalar or matrix)
%   D            = slope depth ratio (scalar or matrix)
%   ru           = tangent of slope angle (scalar or matrix)
%   kh           = seismic coefficient in horizontal direction (scalar or matrix)
%   Note: the above inputs must be in the same matrix dimension
%
% OUTPUT
%
%   FS           = factor of safety
%   sigma_FS     = standard deviation of FS
%
%%%%%%%%%%%%%%%%%%%%%%%%%%%%%%%%%%%%%%%%%%%%%%%%%%%%%%%%%%%%%%%%%%%%%%%%%%%

% Range values of inputted parameters
X_min = [0.0017 	0.0875 	0.1763 	1.0000 	0.0000 	0.0000];
X_max = [1.1111 	1.7321 	2.7475 	3.5000 	0.5000 	0.5000];

%% specify model coefficients
w1 = [
    -0.1477 	-0.0290 	0.0947 	0.1882 	0.1983 	-0.1650 	-2.1293 	0.4726 	-0.8468 	-0.1607 	-0.5624 	-0.0598 	-0.3141 	0.3216 	1.9776 	-0.6093 	13.3615 	-1.6558 	0.3260 	-0.7502 	0.0298 	0.1944 	0.5795 	-0.4866 	1.7672 	-0.0412 	-4.4843 	0.3321 	0.1988 	-0.6977 	-6.8515 	0.3792 	5.4482 	0.4209 	0.0598 	3.4815 	4.1934 	0.7815 	-7.6907 	21.9958 	4.2130 	-1.2423 	1.7717 	-1.9334 	0.3012 	-0.2306
    -0.1101 	0.1115 	0.3601 	-0.1964 	-0.0254 	-1.2029 	-3.6623 	-0.1005 	0.3283 	0.6785 	0.3502 	0.3653 	0.3558 	-1.2543 	-0.8636 	-0.0849 	-0.3202 	1.6590 	0.1596 	0.7044 	0.0816 	-0.2658 	0.6911 	0.5557 	0.1232 	0.0227 	0.3645 	-0.3872 	0.0905 	0.4243 	-0.0817 	0.3375 	-0.2478 	-0.2157 	0.1418 	-0.4055 	-0.2169 	-0.4360 	-0.0791 	0.4655 	-0.3343 	0.0510 	0.6855 	0.0700 	2.2462 	0.0651
    0.7536 	-0.0244 	1.2898 	-3.1085 	-2.4302 	0.0360 	0.0887 	2.0311 	-0.1390 	0.0957 	-0.0614 	-0.0478 	0.0652 	0.3423 	-0.1408 	4.9096 	0.0246 	0.0395 	-0.0793 	6.0965 	0.3941 	-0.5762 	0.9363 	-0.4042 	-0.7574 	-0.0014 	-0.4580 	-0.4128 	0.1057 	-0.6333 	0.1063 	-0.3902 	-0.1267 	-0.2075 	0.0814 	-0.9139 	-0.0967 	-0.2818 	-0.1130 	0.0862 	-0.7017 	-0.4789 	0.0979 	-1.1454 	0.0028 	-2.9082
    1.1515 	-0.0007 	0.0062 	-4.5759 	0.0084 	0.0297 	-0.0086 	-0.0037 	-0.0164 	0.4499 	0.3230 	-0.0041 	1.9236 	0.0017 	0.0104 	0.0025 	-0.0373 	-0.0022 	0.0005 	0.0326 	0.0030 	-0.0014 	0.0027 	-0.0146 	0.0053 	-0.8192 	0.0008 	0.0057 	-0.0260 	-0.0011 	0.3288 	0.0003 	0.0031 	-0.0015 	0.0803 	0.0000 	-0.1957 	-0.0064 	0.0046 	-0.0017 	-0.0040 	0.0014 	0.0093 	0.0018 	-0.0279 	-0.0066
    0.0180 	-0.0463 	0.0906 	0.0421 	0.0702 	0.0154 	0.0832 	0.1092 	-0.1225 	-0.0993 	-0.1299 	0.5500 	-0.0679 	0.1349 	0.0837 	-0.0474 	0.0219 	-0.2970 	-0.1396 	-0.1848 	-1.3097 	-0.5640 	0.2314 	-0.1503 	-0.2596 	0.0187 	-0.3979 	0.1299 	-0.0140 	-0.1155 	0.0026 	0.1179 	-0.0717 	-0.2919 	0.0015 	-0.6948 	0.0215 	0.0381 	0.0586 	0.0065 	0.7159 	-0.1222 	0.0387 	0.1941 	0.1624 	-0.0123
    0.6278 	-0.1545 	-0.0260 	-0.1635 	0.3135 	0.2403 	0.1659 	-0.0281 	-0.3805 	0.0888 	-0.2218 	-0.0444 	0.0232 	0.0319 	0.5671 	0.0682 	-0.0475 	-0.1833 	-0.0304 	0.3605 	-0.0987 	0.0538 	0.0457 	0.0360 	0.0160 	-0.4284 	-0.0179 	0.0518 	-0.8700 	0.0506 	0.2026 	-0.0833 	-0.0294 	-0.3663 	-1.3594 	-0.1212 	-0.0515 	0.7608 	0.2150 	-0.1070 	-0.1544 	0.2612 	0.0646 	0.0773 	0.0427 	-0.2051
    ];
w2 = [
    -0.0221 	0.0263 	1.0115 	-0.0168 	-0.5735 	-0.0167 	0.3518 	-0.4311 	0.0088 	-0.8976 	0.0304 	-1.3437 	0.0120 	-0.0065 	-0.0327 	-0.0160 	-0.0725 	0.0222 	-0.1715 	-1.1948 	-0.0129 	-0.1470 	-0.0506 	-0.0432 	0.0064 	-0.0084 	0.0404 	0.4075 	-8.3003 	-0.7944 	0.0554 	-0.0123 	0.0090 	1.1599 	-0.0269 	-0.0488 	0.0793 	0.1453 	0.0265 	-0.0048 	-8.3588 	0.0470 	-0.0613 	-0.0410 	0.0011 	0.3942
    0.6408 	-0.0455 	0.0823 	1.2594 	4.0581 	-1.7199 	0.6178 	0.0368 	-1.7162 	-0.6500 	0.2977 	-0.1339 	2.0499 	-0.3302 	-0.0631 	0.5335 	-0.4046 	2.8196 	0.7070 	-0.6318 	-0.2860 	-0.1634 	-0.9884 	-0.0065 	-0.0952 	0.3719 	0.5958 	0.3798 	1.0404 	-0.9495 	-1.4873 	0.6872 	1.7737 	0.3109 	-0.5052 	-3.4514 	0.5872 	1.8461 	0.1654 	1.4054 	1.0946 	1.8647 	-1.0455 	-0.6840 	-0.0722 	0.4263
    0.0025 	0.2498 	-0.3115 	-0.4584 	0.3857 	-0.0781 	0.0984 	0.4036 	0.3537 	1.1191 	-0.1845 	0.1945 	0.3243 	0.1947 	0.0510 	0.0296 	0.7530 	-0.3929 	1.9564 	0.6673 	0.0473 	-0.1221 	-0.1590 	-0.1034 	-0.0813 	-0.0466 	1.0001 	-0.4814 	1.3156 	0.0761 	0.4470 	-0.0817 	0.2694 	-0.4591 	0.3123 	-0.2292 	-0.2526 	-0.3681 	-0.2162 	0.2808 	1.3264 	-0.3550 	1.6437 	-0.9692 	-0.0750 	-0.3181
    -0.0132 	-0.1615 	-0.9300 	-0.0011 	0.5286 	-0.0211 	2.5912 	-0.9767 	0.0032 	0.9720 	0.0280 	-0.8478 	0.0252 	-0.0704 	-0.0717 	-0.0544 	-0.1062 	0.0311 	-0.1074 	0.7533 	0.0480 	-0.2174 	-0.3523 	-0.1072 	0.0258 	-0.0647 	-0.0832 	0.2230 	0.8443 	-0.6858 	0.1267 	-0.0368 	0.0112 	-0.8936 	-0.0218 	-0.2493 	0.6458 	-0.0804 	0.0055 	0.0017 	0.8498 	0.0893 	-0.0186 	0.0727 	-0.0163 	2.6238
    0.0706 	0.1371 	0.1325 	0.1308 	-0.2515 	0.0337 	-2.4249 	-0.4418 	-0.1916 	-1.8308 	-0.0844 	-0.1006 	-0.7882 	-0.0030 	0.0073 	0.0334 	0.0604 	0.4074 	1.9914 	-0.7488 	-0.1126 	-0.4163 	-0.0640 	1.5047 	0.0005 	0.1005 	-0.0846 	0.9507 	2.0262 	0.2403 	0.1583 	0.0237 	-0.9598 	0.4277 	0.0349 	2.9203 	1.0473 	0.1378 	0.0224 	0.0196 	2.0365 	0.0682 	-1.4956 	0.0824 	0.0613 	-2.3721
    0.0340 	-0.0735 	-0.7483 	-0.4481 	0.6813 	-0.0509 	-1.4535 	1.0011 	1.0113 	-0.0471 	0.4291 	0.8003 	-1.3528 	0.3614 	-0.2095 	-0.2251 	2.0059 	-0.3539 	1.1643 	0.3862 	0.3859 	0.2985 	1.1615 	1.2017 	-0.1756 	-0.4841 	2.5270 	-0.0843 	1.3526 	-0.7816 	-1.0891 	0.2973 	-1.1539 	-0.5010 	-0.3530 	6.4113 	-0.3030 	0.4207 	-0.1787 	-1.4419 	1.3345 	1.4082 	-3.3149 	-2.5830 	0.0550 	-1.4297
    0.9885 	-0.7671 	-1.4267 	-0.1941 	-1.2294 	-0.9015 	1.5699 	-0.6009 	-0.0104 	-1.6429 	-0.6061 	1.1737 	-0.7476 	-0.0959 	-0.2439 	0.3318 	1.1258 	0.1929 	-0.4597 	1.4088 	-0.0262 	-0.9868 	0.1821 	-0.2748 	-0.3024 	-0.4308 	-1.3055 	0.7495 	5.7189 	-1.2404 	0.1419 	0.1339 	-0.8940 	-1.4013 	0.5557 	3.9819 	-0.0443 	-1.5192 	-0.3934 	-0.6599 	5.7373 	-1.7393 	-0.3701 	1.3234 	0.2999 	1.6200
    0.2387 	-0.1762 	-0.1966 	-0.7015 	0.0851 	-0.1148 	-3.2444 	-0.3488 	-0.1483 	-0.7131 	-0.5413 	0.1835 	1.2420 	0.1600 	-0.2129 	-0.1040 	-0.3717 	-0.0197 	-0.1104 	0.1989 	-0.0133 	-0.6556 	-0.1030 	-0.0483 	-0.0090 	-0.0120 	-0.1860 	0.2349 	0.9404 	0.3430 	0.3531 	0.0432 	1.1927 	-0.2544 	0.5907 	-6.2815 	0.6179 	-0.0628 	0.1118 	0.1440 	0.9473 	-0.1692 	2.1908 	0.2153 	-0.0244 	-3.3234
    0.6095 	0.2190 	0.8309 	1.3486 	-0.8659 	-0.8558 	-0.1574 	0.8962 	-1.2427 	-1.1887 	-0.3169 	-0.8176 	-0.4198 	-0.0077 	0.0349 	0.2743 	1.0303 	0.4915 	-2.4637 	-0.7955 	0.4908 	-0.3713 	0.2285 	-1.2516 	-0.1834 	-0.2445 	-0.1472 	0.1135 	-2.4677 	-0.1287 	0.7608 	0.0892 	-0.5697 	0.7626 	0.1615 	3.7063 	0.7238 	0.4087 	-0.1443 	-0.0716 	-2.4646 	0.8081 	0.8303 	0.2863 	0.0329 	-0.2306
    -0.0025 	-0.1432 	0.5547 	0.0809 	1.4442 	-0.0119 	1.6432 	0.6289 	0.0201 	0.1574 	-0.0094 	0.2595 	-0.0637 	0.2669 	-0.0396 	0.0013 	0.1285 	0.0991 	0.1006 	-0.8472 	-0.1396 	-0.0329 	0.0098 	-0.0083 	-0.0819 	-0.0266 	-0.1275 	0.3042 	-2.9062 	1.3624 	0.0096 	0.1813 	-0.0655 	0.6331 	0.0015 	-0.0264 	-0.0822 	0.8761 	0.0374 	-0.0428 	-2.9199 	1.3937 	0.2057 	0.1325 	0.0278 	1.6481
    0.0200 	0.0131 	-1.1017 	-0.0017 	0.4065 	-0.0152 	-1.9392 	-3.2892 	-0.1065 	0.0623 	-0.0872 	0.2977 	0.1408 	0.0246 	0.0155 	-0.0941 	-0.1773 	-0.3751 	-0.4229 	1.4996 	-0.6366 	0.7371 	0.0996 	-0.4167 	0.1768 	0.1122 	0.2439 	-0.1572 	2.9326 	0.9537 	-0.8175 	-0.0042 	0.1168 	-1.2179 	0.0823 	-0.1591 	0.4211 	-0.4712 	0.1416 	0.1637 	2.9383 	-0.8641 	0.5101 	-0.2290 	-0.0581 	-1.8189
