function [ky,sigma_ky] = ky_model(c_gh,tanPhi,tanBeta,D,ru)

% Created by Mao-Xin Wang (dr.maoxin.wang@gmail.com or wangmx@whu.edu.cn)
% December 2023
%
%%%%%%%%%%%%%%%%%%%%%%%%%%%%%%%%%%%%%%%%%%%%%%%%%%%%%%%%%%%%%%%%%%%%%%%%%%%
% INPUT
%
%   c_gh         = c/gama/H (scalar or matrix)
%                 (where c is soil cohesion, kPa; gama is soil unit weight, kN/m3;
%                  H is slope height, m)
%   tanPhi       = tangent of soil friction angle (scalar or matrix)
%   tanBeta      = tangent of slope angle (scalar or matrix)
%   D            = slope depth ratio (scalar or matrix)
%   ru           = tangent of slope angle (scalar or matrix)
%   Note: the above inputs must be in the same matrix dimension
%
% OUTPUT
%
%   ky           = yield acceleration
%   sigma_ky     = standard deviation of ky
%
%%%%%%%%%%%%%%%%%%%%%%%%%%%%%%%%%%%%%%%%%%%%%%%%%%%%%%%%%%%%%%%%%%%%%%%%%%%

% Range values of inputted parameters
X_min = [0.0017 	0.0875 	0.1763 	1.0000 	0.0000];
X_max = [1.1111 	1.7321 	2.7475 	3.5000 	0.5000];

%% specify model coefficients
w1 = [
    -0.5929 	1.1877 	-1.1542 	0.4740 	-2.4065 	-0.6617 	-1.1641 	-0.3299 	-0.7805 	1.0579 	-0.3677 	-4.7840 	-2.5286 	1.3302 	-0.6628 	2.1979 	1.2590 	0.0198 	8.5191 	-3.4054 	1.4011 	-4.7132 	6.0107 	6.4564 	2.5546 	7.1233 	0.2166 	-3.1995 	5.3235 	-0.0079 	3.0206 	-2.4198
    -0.6414 	-1.4550 	1.1155 	-0.7207 	2.8180 	0.6453 	0.0383 	-0.2272 	-0.5966 	-1.0466 	-0.3306 	1.3659 	0.6802 	-0.7804 	-0.5416 	-0.4477 	-1.1212 	0.2984 	-0.3533 	-0.0910 	-0.5632 	-0.1502 	-0.4172 	0.3351 	0.2904 	-2.5242 	2.4787 	0.1956 	0.6160 	-0.3218 	-0.7766 	-2.8313
    3.6299 	0.1052 	-0.4965 	-0.0453 	-6.0896 	0.0171 	-1.5408 	-1.3172 	-3.8753 	-0.7721 	-0.5905 	5.1062 	-1.0158 	-0.0885 	-0.8722 	1.5867 	0.2129 	-0.7491 	2.3117 	0.7052 	-0.0092 	-0.0156 	-3.5744 	-1.3200 	1.1774 	-6.1750 	-0.0498 	-2.6093 	-0.4416 	-0.0089 	-0.7337 	0.3823
    0.0038 	-0.0012 	-0.0026 	-0.5757 	-0.0021 	1.9781 	0.0008 	0.0004 	-0.0030 	0.0032 	0.0007 	1.6586 	0.0011 	-0.6564 	-0.0011 	-0.0010 	0.0001 	-0.0020 	-0.0005 	-0.0002 	0.0003 	0.0001 	0.0063 	-0.0011 	-0.0020 	-8.0757 	0.0003 	-0.0011 	-0.0006 	0.0003 	0.0020 	0.0010
    -0.4448 	-0.1249 	-0.4087 	0.0376 	-1.3602 	-0.0481 	0.1299 	0.2702 	0.3095 	0.1014 	-0.4453 	-0.0570 	-0.2627 	0.0454 	-0.5222 	-0.2770 	0.1013 	-0.6586 	-0.0182 	-0.1119 	-0.3174 	-0.3267 	0.0764 	-0.2123 	0.3105 	0.2415 	0.0659 	0.0476 	0.1892 	0.0561 	-0.1770 	0.5576
    ];
w2 = [
    -0.7538 	-0.0202 	0.0523 	-0.3611 	3.0158 	-2.1989 	1.0910 	0.1212 	-0.1948 	-0.3087 	0.3482 	-0.8147 	-0.3032 	0.3882 	0.5270 	-0.3048 	-0.1709 	-0.5033 	0.3115 	1.0127 	0.1867 	-0.5301 	-0.0866 	0.1897 	-0.0228 	-0.0031 	1.2913 	-0.9744 	-1.4500 	0.3988 	-0.4986 	-0.1743
    3.7580 	0.1429 	0.0312 	4.5653 	0.6595 	-3.7753 	3.8879 	0.0505 	2.5261 	-0.4037 	-5.3906 	1.4857 	-0.1045 	-2.8825 	-0.7183 	-0.1026 	0.1008 	-1.3621 	0.2128 	-6.8363 	6.3955 	1.7513 	-0.2109 	6.1792 	-0.0690 	-0.0651 	1.8772 	0.5456 	-6.3238 	4.7768 	-3.8414 	-15.9085
    3.9516 	0.0291 	-0.0912 	1.1673 	1.2528 	0.4152 	3.6498 	0.0633 	0.2855 	0.0365 	-2.8719 	-0.2092 	-0.4070 	-2.3437 	-2.8170 	-0.0091 	0.0195 	1.0800 	0.6501 	-4.1309 	0.1214 	-0.2379 	-2.5010 	0.2945 	0.0077 	0.0047 	1.0455 	-5.0875 	-3.9601 	7.6402 	0.7498 	2.9942
    -1.0227 	0.7223 	2.5713 	1.2661 	1.7858 	-0.7110 	-0.4263 	-1.1765 	2.3915 	-2.2955 	-0.0869 	0.9094 	-0.9897 	-3.8841 	1.4508 	-0.0730 	2.3866 	-4.2287 	0.1356 	-1.8153 	3.5283 	1.3012 	0.2098 	2.2097 	-1.5614 	-1.0880 	-0.2737 	0.3759 	0.0329 	-0.3233 	-1.0302 	-6.5536
    -0.6996 	-0.0106 	-0.0415 	0.1079 	-2.1815 	-2.1844 	-0.5258 	-0.0319 	-0.0309 	0.0727 	-0.1860 	-0.1263 	0.1418 	0.0324 	0.1802 	0.0932 	0.0442 	0.0497 	-0.1610 	-0.4769 	-0.0722 	-0.0603 	0.0889 	-0.0846 	0.0190 	0.0093 	0.4716 	-0.6464 	-1.2187 	1.3278 	-0.9458 	-7.5443
    -0.0999 	0.0988 	-0.5478 	-0.0620 	-0.4638 	0.9333 	-10.3627 	-0.1566 	0.7520 	-0.1252 	-0.4195 	1.1004 	-1.0050 	-0.2087 	-0.0485 	-0.2577 	0.0222 	-0.9604 	1.0090 	-0.6874 	2.7556 	1.0023 	-0.0064 	2.3521 	-0.3986 	-0.0999 	-0.0141 	0.0032 	0.0711 	-0.0474 	-0.2519 	0.3933
    -1.7450 	-0.0310 	-0.5106 	0.0338 	10.5419 	0.2141 	0.7883 	-0.0424 	0.6144 	-0.1666 	-4.0381 	0.3262 	0.9655 	-0.6397 	-2.5510 	0.0770 	0.1180 	1.2769 	-1.0584 	-4.1748 	0.0599 	0.2399 	0.1879 	0.0432 	0.0108 	0.0010 	-4.2054 	6.3740 	-6.3944 	0.1357 	-2.5678 	-0.9456
    6.8893 	0.0081 	-0.3785 	-0.2603 	7.5021 	-5.2697 	-0.9099 	0.0555 	-0.1566 	-0.2275 	2.1614 	-1.0885 	-0.0007 	1.7111 	0.3508 	-0.1527 	-0.1024 	-1.7413 	0.0642 	4.2360 	-0.2096 	-0.6503 	-0.7801 	-0.1884 	-0.0507 	-0.0164 	1.2656 	-3.0181 	-9.9270 	5.8613 	1.5065 	-5.6387
    -4.6206 	-0.0708 	0.1740 	-2.7431 	1.7161 	-2.6459 	0.2349 	0.1137 	0.4780 	-0.9004 	-0.3946 	0.8216 	-0.3770 	-0.6953 	-0.6018 	0.0253 	0.1922 	-1.1752 	0.2804 	-1.2479 	0.0525 	0.6511 	0.1077 	0.0737 	-0.0291 	0.0652 	-3.3758 	-3.3377 	3.9494 	0.2284 	-0.3081 	-4.6461
    -3.8600 	-0.5449 	0.0814 	-0.4155 	-1.4448 	-5.4696 	0.5229 	0.1343 	0.3188 	-1.1726 	0.9729 	0.5099 	-0.7441 	-0.7225 	-0.5605 	-0.5040 	-2.1343 	-0.3817 	0.7632 	-1.0065 	2.0301 	0.4727 	-0.1557 	1.9191 	0.4212 	0.1882 	0.6278 	-1.7740 	3.7486 	0.0117 	-1.4488 	-8.1684
    -0.6915 	0.1107 	1.4539 	1.9919 	-13.5697 	8.1661 	-2.7746 	-0.0417 	-1.2845 	0.4539 	2.8376 	-0.1518 	-1.2262 	2.0525 	2.1427 	0.1203 	-0.1674 	2.9083 	1.3590 	4.6171 	-0.7144 	-0.3048 	0.7908 	-0.7386 	-0.2422 	-0.0253 	0.7055 	-1.5784 	4.4720 	-9.7985 	0.9154 	19.5329
    -0.0776 	0.0017 	0.0036 	-0.0580 	0.0028 	-0.0437 	-7.0154 	0.0043 	0.0170 	-0.1115 	0.0804 	0.0474 	0.0445 	-0.0950 	0.0593 	-0.0658 	-0.0523 	0.1075 	-0.0515 	0.0816 	0.0387 	0.0133 	-0.0128 	0.0286 	0.0151 	-0.0097 	-0.3668 	-0.0470 	-0.0074 	-0.0124 	-1.7030 	-0.0238
    0.7812 	-0.0489 	0.4886 	3.2142 	-6.7403 	3.3286 	-3.6601 	-0.1909 	-0.1225 	-0.6754 	1.4343 	0.2144 	-0.0907 	-0.9817 	0.8052 	-0.1868 	4.1232 	-1.2305 	0.0394 	0.6879 	0.9748 	0.1236 	0.4242 	0.9968 	0.1312 	-0.0547 	2.0718 	-4.0135 	14.0285 	-1.9707 	-1.3346 	9.8600
    0.1900 	-0.0026 	0.0111 	-0.0870 	-0.2776 	0.0745 	-8.8117 	-0.0780 	-0.4630 	-0.0565 	0.0572 	-0.2504 	-0.2849 	0.4598 	-0.1925 	0.2427 	-0.1137 	0.2603 	0.4154 	0.2843 	-1.4774 	-0.3359 	-0.0271 	-1.2779 	0.3459 	0.0218 	0.0809 	-0.0754 	0.0131 	0.0566 	-0.0554 	1.1446
    1.1666 	-0.0605 	0.4712 	-1.4572 	3.0525 	-0.1910 	-0.8440 	-0.0598 	-0.4211 	0.0016 	0.1119 	-0.1344 	-0.3539 	0.5886 	-0.2706 	0.0447 	-0.1866 	-0.1619 	0.4056 	1.3719 	-0.3040 	-0.2063 	-0.1437 	-0.3159 	-0.0335 	0.0146 	-0.0201 	0.8446 	-7.1570 	1.4445 	1.6119 	-6.7673
    -0.9397 	-0.0666 	0.6287 	4.6634 	-0.3521 	2.4369 	0.1425 	0.0494 	-0.5092 	1.0024 	1.1314 	-0.3873 	0.0779 	-0.0194 	0.2853 	0.0145 	-0.2633 	-0.0139 	-0.0845 	1.4146 	-0.4351 	-0.3798 	0.3241 	-0.4241 	0.1318 	0.0603 	0.3737 	-0.8494 	3.6619 	-2.1643 	-0.3832 	7.9525
    3.0317 	-0.2660 	-0.1737 	-1.1771 	0.3964 	-1.1893 	4.3915 	-0.0792 	0.1228 	-1.0711 	-2.9018 	0.3728 	0.3862 	-0.3737 	-1.9994 	-0.1564 	-1.1299 	0.1873 	-0.5534 	-2.7714 	0.6383 	0.3399 	-0.4842 	0.5401 	-0.6493 	0.0269 	-2.7372 	2.8796 	-13.4599 	2.3171 	-1.3262 	-12.2061
    -4.6201 	0.0014 	-0.3109 	-0.2966 	-3.6871 	-0.3620 	-3.1287 	-0.0480 	0.0130 	-0.3362 	0.2067 	-0.2660 	0.4233 	0.1523 	0.3658 	-0.0310 	-0.1108 	-0.0421 	-0.4674 	0.0855 	0.1965 	-0.2023 	0.2261 	0.2362 	0.0310 	-0.0265 	0.7759 	-2.2476 	7.4490 	-1.6002 	-1.3950 	6.5829
    0.1367 	-0.1496 	0.5867 	-8.0176 	0.2286 	2.9791 	-7.1930 	-0.0169 	-0.0097 	-1.6130 	0.3871 	-0.0187 	-0.8801 	-0.2672 	0.0039 	-0.4619 	-0.0744 	-1.3319 	0.8726 	0.8631 	0.6286 	-0.0941 	0.0984 	0.6533 	0.4567 	0.0127 	-0.1914 	0.0829 	1.0269 	0.1832 	0.1262 	4.8606
